OPCODE FCODE  FLAGS  CLR LF  MICROINSTRUCCION     NIVEL  
MICROINSTRUCCION N. 1 
00000  0000   0000   1   0   00001000100000110011 BAJO   
00000  0000   0000   1   0   00001000100000110011 BAJO   
MICROINSTRUCCION N. 2 
00000  0000   0000   1   0   00001000100000110011 BAJO   
00000  0000   0000   1   0   00001000100000110011 BAJO   
MICROINSTRUCCION N. 3 
00000  0000   0001   0   1   00001000100000110011 ALTO   
00000  0000   0001   0   1   00001000100000110011 BAJO   
MICROINSTRUCCION N. 4 
00000  0000   0010   0   1   00001000100000110011 ALTO   
00000  0000   0010   0   1   00001000100000110011 BAJO   
MICROINSTRUCCION N. 5 
00000  0001   0001   0   1   00001000100001110011 ALTO   
00000  0001   0001   0   1   00001000100001110011 BAJO   
MICROINSTRUCCION N. 6 
00000  0010   0100   0   1   00001000100000000011 ALTO   
00000  0010   0100   0   1   00001000100000000011 BAJO   
MICROINSTRUCCION N. 7 
00000  0011   1100   0   1   00001000100000010011 ALTO   
00000  0011   1100   0   1   00001000100000010011 BAJO   
MICROINSTRUCCION N. 8 
00000  0100   0011   0   1   00001000100000100011 ALTO   
00000  0100   0011   0   1   00001000100000100011 BAJO   
MICROINSTRUCCION N. 9 
00000  0101   1000   0   1   00001000100011010011 ALTO   
00000  0101   1000   0   1   00001000100011010011 BAJO   
MICROINSTRUCCION N. 10
00000  0110   0001   0   1   00001000100011000011 ALTO   
00000  0110   0001   0   1   00001000100011000011 BAJO   
MICROINSTRUCCION N. 11
00000  0111   0100   0   1   00001000100001100011 ALTO   
00000  0111   0100   0   1   00001000100001100011 BAJO   
MICROINSTRUCCION N. 12
00000  1000   0010   0   1   00001000100011000011 ALTO   
00000  1000   0010   0   1   00001000100011000011 BAJO   
MICROINSTRUCCION N. 13
00000  1001   0000   0   0   00001010100000000000 ALTO   
00000  1001   0000   0   0   00001010100000000000 BAJO   
MICROINSTRUCCION N. 14
00000  1010   0000   0   0   00001011100000000000 ALTO   
00000  1010   0000   0   0   00001011100000000000 BAJO   
MICROINSTRUCCION N. 15
00000  1011   0000   0   0   00000000000000000000 ALTO   
00000  1011   0000   0   0   00000000000000000000 BAJO   
MICROINSTRUCCION N. 16
00000  1100   0000   0   0   00000000000000000000 ALTO   
00000  1100   0000   0   0   00000000000000000000 BAJO   
MICROINSTRUCCION N. 17
00001  0111   0000   0   0   00000000100000000000 ALTO   
00001  0111   0000   0   0   00000000100000000000 BAJO   
MICROINSTRUCCION N. 18
00010  0100   0000   0   0   00001000100000001000 ALTO   
00010  0100   0000   0   0   00001000100000001000 BAJO   
MICROINSTRUCCION N. 19
00011  1000   0000   0   0   00000100000000001100 ALTO   
00011  1000   0000   0   0   00000100000000001100 BAJO   
MICROINSTRUCCION N. 20
00100  0110   0000   0   0   00000100011000110101 ALTO   
00100  0110   0000   0   0   00000100011000110101 BAJO   
MICROINSTRUCCION N. 21
00101  0000   0010   0   1   00001000101000110011 ALTO   
00101  0000   0010   0   1   00001000101000110011 BAJO   
MICROINSTRUCCION N. 22
00110  0110   0001   0   1   00001000101001110011 ALTO   
00110  0110   0001   0   1   00001000101001110011 BAJO   
MICROINSTRUCCION N. 23
00111  0100   0011   0   1   00001000101000000011 ALTO   
00111  0100   0011   0   1   00001000101000000011 BAJO   
MICROINSTRUCCION N. 24
01000  1010   0100   0   1   00001000101000010011 ALTO   
01000  1010   0100   0   1   00001000101000010011 BAJO   
MICROINSTRUCCION N. 25
01001  0100   1000   0   1   00001000101000100011 ALTO   
01001  0100   1000   0   1   00001000101000100011 BAJO   
MICROINSTRUCCION N. 26
01010  0001   1100   0   1   00001000101011010011 ALTO   
01010  0001   1100   0   1   00001000101011010011 BAJO   
MICROINSTRUCCION N. 27
01011  0011   0101   0   1   00001000101011000011 ALTO   
01011  0011   0101   0   1   00001000101011000011 BAJO   
MICROINSTRUCCION N. 28
01100  1111   1010   0   1   00001000101001100011 ALTO   
01100  1111   1010   0   1   00001000101001100011 BAJO   
MICROINSTRUCCION N. 29
10111  0000   0000   0   1   00001000111000110001 ALTO   
10111  0000   0000   0   1   00001000111000110001 BAJO   
MICROINSTRUCCION N. 30
01101  1111   0000   0   1   00000100000001110001 ALTO   
01101  1111   0000   0   1   00000100000001110001 BAJO   
MICROINSTRUCCION N. 31
01101  1011   0010   0   1   00000100000001110001 ALTO   
01101  1011   0010   0   1   00000100000001110001 BAJO   
MICROINSTRUCCION N. 32
01101  1101   0010   0   1   00000100000001110001 ALTO   
01101  1101   0010   0   1   00000100000001110001 BAJO   
MICROINSTRUCCION N. 33
01110  1110   0010   0   1   00000100000001110001 ALTO   
01110  1110   0010   0   1   00110000001100110011 BAJO   
MICROINSTRUCCION N. 34
01110  1100   0000   0   1   00000100000001110001 ALTO   
01110  1100   0000   0   1   00110000001100110011 BAJO   
MICROINSTRUCCION N. 35
01110  0011   0000   0   1   00000100000001110001 ALTO   
01110  0011   0000   0   1   00110000001100110011 BAJO   
MICROINSTRUCCION N. 36
01111  0001   1100   0   1   00000100000001110001 ALTO   
01111  0001   1100   0   1   00110000001100110011 BAJO   
MICROINSTRUCCION N. 37
01111  0000   1000   0   1   00000100000001110001 ALTO   
01111  0000   1000   0   1   00110000001100110011 BAJO   
MICROINSTRUCCION N. 38
01111  0010   0100   0   1   00000100000001110001 ALTO   
01111  0010   0100   0   1   00110000001100110011 BAJO   
MICROINSTRUCCION N. 39
10000  0100   0000   0   1   00000100000001110001 ALTO   
10000  0100   0000   0   1   00110000001100110011 BAJO   
MICROINSTRUCCION N. 40
10000  0110   1110   0   1   00000100000001110001 ALTO   
10000  0110   1110   0   1   00110000001100110011 BAJO   
MICROINSTRUCCION N. 41
10000  0101   1000   0   1   00000100000001110001 ALTO   
10000  0101   1000   0   1   00110000001100110011 BAJO   
MICROINSTRUCCION N. 42
10001  0111   1010   0   1   00000100000001110001 ALTO   
10001  0111   1010   0   1   00110000001100110011 BAJO   
MICROINSTRUCCION N. 43
10001  1010   1100   0   1   00000100000001110001 ALTO   
10001  1010   1100   0   1   00000100000001110001 BAJO   
MICROINSTRUCCION N. 44
10001  1000   0000   0   1   00000100000001110001 ALTO   
10001  1000   0000   0   1   00000100000001110001 BAJO   
MICROINSTRUCCION N. 45
10010  1111   1000   0   1   00000100000001110001 ALTO   
10010  1111   1000   0   1   00000100000001110001 BAJO   
MICROINSTRUCCION N. 46
10010  1001   1010   0   1   00000100000001110001 ALTO   
10010  1001   1010   0   1   00110000001100110011 BAJO   
MICROINSTRUCCION N. 47
10010  1101   1100   0   1   00000100000001110001 ALTO   
10010  1101   1100   0   1   00000100000001110001 BAJO   
MICROINSTRUCCION N. 48
10011  1001   1100   0   0   00100000000000000000 ALTO   
10011  1001   1100   0   0   00100000000000000000 BAJO   
MICROINSTRUCCION N. 49
10100  1111   0000   0   0   10100000000000000000 ALTO   
10100  1111   0000   0   0   10100000000000000000 BAJO   
MICROINSTRUCCION N. 50
10101  0000   0000   0   0   01100000000000000000 ALTO   
10101  0000   0000   0   0   01100000000000000000 BAJO   
MICROINSTRUCCION N. 51
10110  0000   0000   0   0   00000000000000000000 ALTO   
10110  0000   0000   0   0   00000000000000000000 BAJO   
MICROINSTRUCCION N. 52
11000  0000   0000   0   0   00000000000000000000 ALTO   
11000  0000   0000   0   0   00000000000000000000 BAJO   
