SP    PC    OPC   19-16 15-12 11-8  7-4   3-0   
0     0     00001 0110  0000  0000  0101  0111  LI    R6  87             
0     0     00001 0110  0000  0000  0101  0111  LI    R6  87             
0     1     00001 1000  0000  0000  0101  1010  LI    R8  90             
0     2     00000 1000  0010  0011  0000  0000  ADD   R8  R2  R3         
0     3     00000 0001  0010  0011  0000  0001  SUB   R1  R2  R3         
0     4     10100 0000  0000  0000  0000  1001  CALL  9                  
1     9     00000 0001  0010  0011  0000  0001  SUB   R1  R2  R3         
1     10    00001 0110  0000  0000  0101  0111  LI    R6  87             
1     11    10101 0000  0000  0000  0000  0000  RET                      
0     5     00001 0110  0000  0000  0101  0111  LI    R6  87             
0     6     00001 1000  0000  0000  0101  1010  LI    R8  90             
0     7     10100 0000  0000  0000  0000  1101  CALL  13                 
1     13    00001 0110  0000  0000  0101  0111  LI    R6  87             
1     14    10101 0000  0000  0000  0000  0000  RET                      
1     15    10011 0000  0000  0000  0001  0010  B     18                 
0     8     00000 1000  0010  0011  0000  0000  ADD   R8  R2  R3         
0     9     00000 0001  0010  0011  0000  0001  SUB   R1  R2  R3         
0     10    00001 0110  0000  0000  0101  0111  LI    R6  87             
0     11    10101 0000  0000  0000  0000  0000  RET                      
7     1     00001 1000  0000  0000  0101  1010  LI    R8  90             
7     1     00001 1000  0000  0000  0101  1010  LI    R8  90             
7     1     00001 1000  0000  0000  0101  1010  LI    R8  90             
7     1     00001 1000  0000  0000  0101  1010  LI    R8  90             
7     1     00001 1000  0000  0000  0101  1010  LI    R8  90             
7     1     00001 1000  0000  0000  0101  1010  LI    R8  90             
